polGamma = 2
polKappa = 9.65357
epsShift = 0.00101606
lPBreak = -7.31962
lrhoBreak = -4.15215
epsBreak = 0.0016961
